on A

MAE:128.33372707157343
MSE:40638.033533117276


on B
MAE:  38.49655204483226
MSE:  2860.20843602434

